1.921148449182510376e-01,-4.577399730682373047e+00,1.432379484176635742e+00
-1.396065950393676758e+00,-2.524639606475830078e+00,-1.877448081970214844e+00
6.530128121376037598e-01,-3.285899162292480469e+00,1.381064772605895996e+00
1.514974594116210938e+00,1.358224153518676758e+00,-1.370951890945434570e+00
-1.020349979400634766e+00,-4.920495986938476562e+00,1.456584215164184570e+00
4.895860552787780762e-01,-4.151052951812744141e+00,7.093632221221923828e-01
-9.615035355091094971e-02,-2.279804229736328125e+00,6.982175707817077637e-01
4.271139502525329590e-01,-2.199424028396606445e+00,8.048954606056213379e-02
1.685285568237304688e-02,-3.129995346069335938e+00,1.711965560913085938e+00
-1.484736680984497070e+00,-2.048620939254760742e+00,-2.046452522277832031e+00
2.835963726043701172e+00,-2.772040843963623047e+00,1.180667877197265625e-01
4.967730939388275146e-01,-1.225094556808471680e+00,-1.669375300407409668e-01
2.198904752731323242e-01,-9.958622455596923828e-01,-8.849905133247375488e-01
-1.066187024116516113e-01,-1.022709965705871582e+00,-5.960345268249511719e-03
-3.770009875297546387e-01,-8.118884563446044922e-01,1.122015118598937988e-01
-7.726123929023742676e-02,-4.011679649353027344e+00,-2.166910648345947266e+00
2.176856994628906250e+00,-1.526896953582763672e+00,6.272618174552917480e-01
-1.972212344408035278e-01,-2.520562171936035156e+00,1.303886532783508301e+00
9.715344905853271484e-01,-4.044157505035400391e+00,1.688284873962402344e-01
1.358674287796020508e+00,-1.731650352478027344e+00,5.600774288177490234e-01
1.312004804611206055e+00,7.663476467132568359e-01,-1.031404018402099609e+00
2.828610181808471680e+00,-1.003485083580017090e+00,-1.362433075904846191e+00
9.992821216583251953e-01,-1.181952953338623047e+00,1.162268161773681641e+00
2.490579366683959961e+00,-2.620435714721679688e+00,-6.651964783668518066e-01
-8.054613471031188965e-01,-3.665511369705200195e+00,-6.286868453025817871e-01
6.357110738754272461e-01,-3.677935123443603516e+00,1.660986900329589844e+00
1.208638310432434082e+00,-2.884677171707153320e+00,9.341934323310852051e-01
-3.629441559314727783e-01,4.686754941940307617e-02,-2.680894374847412109e+00
1.628249049186706543e+00,1.147540211677551270e-01,6.277929544448852539e-01
-1.859197020530700684e-02,-2.657616138458251953e+00,1.589430451393127441e+00
1.779922991991043091e-01,-1.268270492553710938e+00,3.959757089614868164e-01
8.509929776191711426e-01,-2.613617181777954102e-01,-3.967074751853942871e-01
-2.494456022977828979e-01,-1.593637585639953613e+00,1.243879914283752441e+00
1.965757608413696289e+00,-5.743874073028564453e+00,7.199368476867675781e-01
-1.219990730285644531e+00,-3.340344429016113281e+00,1.737878918647766113e+00
2.826514959335327148e+00,2.063970804214477539e+00,-1.306893587112426758e+00
8.757038414478302002e-02,-4.538765430450439453e+00,1.475343465805053711e+00
-6.494009494781494141e-01,-4.108739852905273438e+00,4.939994215965270996e-01
-1.270205736160278320e+00,-1.469220042228698730e+00,7.051921486854553223e-01
1.754474520683288574e+00,1.569414734840393066e-01,3.636891245841979980e-01
2.589283466339111328e+00,-3.202990293502807617e-01,1.078518152236938477e+00
1.376737713813781738e+00,-1.167023658752441406e+00,-1.380834579467773438e+00
1.018053218722343445e-01,-2.830199718475341797e+00,1.363860845565795898e+00
-1.216336250305175781e+00,-8.260560989379882812e+00,3.152483701705932617e-01
2.369919419288635254e-02,-1.252508640289306641e+00,1.054830193519592285e+00
2.442545175552368164e+00,-8.057211041450500488e-01,7.020813226699829102e-02
-1.843703031539916992e+00,-3.388236999511718750e+00,1.089300870895385742e+00
1.183633089065551758e+00,5.031775832176208496e-01,-2.034410476684570312e+00
-7.256026864051818848e-01,-1.432065844535827637e+00,2.277241945266723633e-01
2.469907552003860474e-01,-3.870285272598266602e+00,1.113433122634887695e+00
8.221161365509033203e-02,4.933628439903259277e-02,-1.906094193458557129e+00
2.972842454910278320e+00,-3.124416351318359375e+00,-9.477987289428710938e-01
-1.162341684103012085e-01,-1.459298253059387207e+00,3.186803460121154785e-01
3.933814465999603271e-01,-2.843443155288696289e+00,1.218919873237609863e+00
-1.617899417877197266e+00,-4.203462123870849609e+00,-3.884297609329223633e-02
1.797393321990966797e+00,-2.389395236968994141e+00,8.843053579330444336e-01
2.300930738449096680e+00,-9.347658157348632812e-01,-1.723753452301025391e+00
2.185674011707305908e-01,-3.407686471939086914e+00,1.596135020256042480e+00
1.560965538024902344e+00,-4.634464263916015625e+00,1.274708151817321777e+00
-8.963018655776977539e-03,-3.445136308670043945e+00,1.683938980102539062e+00
-2.567955255508422852e-01,-5.734911918640136719e+00,1.794404506683349609e+00
2.321681499481201172e+00,8.495754003524780273e-01,-6.003935337066650391e-01
3.960374891757965088e-01,-2.595780849456787109e+00,1.399436116218566895e+00
-1.441148966550827026e-01,-9.903924167156219482e-02,-1.172331452369689941e+00
2.402949810028076172e+00,2.870503664016723633e-01,-5.148291587829589844e-02
2.365397691726684570e+00,-5.090731382369995117e-01,-4.981761276721954346e-01
1.119331002235412598e+00,-1.405538082122802734e+00,2.413785457611083984e-01
3.268978297710418701e-01,-2.354250669479370117e+00,1.456990242004394531e+00
7.780515551567077637e-01,-2.913991212844848633e+00,1.250341892242431641e+00
-6.509254872798919678e-02,-1.432963132858276367e+00,1.315786361694335938e+00
2.064074039459228516e+00,-4.069745063781738281e+00,8.385289907455444336e-01
-5.188977718353271484e-01,-2.206105232238769531e+00,1.512002110481262207e+00
1.213957071304321289e+00,-3.571190118789672852e+00,1.056571483612060547e+00
6.117479801177978516e-01,-1.489336371421813965e+00,6.737850904464721680e-01
3.426761925220489502e-02,-3.701592683792114258e+00,9.238735437393188477e-01
-6.387466192245483398e-01,-4.720042943954467773e-01,-2.087247371673583984e+00
-2.098791122436523438e+00,-4.507954597473144531e+00,1.846575260162353516e+00
3.757751464843750000e+00,2.031533241271972656e+00,-1.048346042633056641e+00
1.283669590950012207e+00,-1.678067207336425781e+00,1.341840982437133789e+00
-2.540874779224395752e-01,-1.294385313987731934e+00,1.085118055343627930e+00
7.221946120262145996e-02,-1.980899691581726074e+00,1.545562267303466797e+00
1.301142573356628418e-01,-1.851135849952697754e+00,1.339241743087768555e+00
1.743413329124450684e+00,-1.950855374336242676e+00,8.942029476165771484e-01
1.026984333992004395e+00,8.190476894378662109e-01,-6.121799945831298828e-01
5.717050433158874512e-01,-7.934327721595764160e-01,4.470360875129699707e-01
5.444197058677673340e-01,-3.519742250442504883e+00,6.137769222259521484e-01
3.046208024024963379e-01,-3.560632944107055664e+00,1.351802110671997070e+00
1.162014231085777283e-01,-2.957911729812622070e+00,1.616032361984252930e+00
2.201615095138549805e+00,1.793971657752990723e-01,-2.154753923416137695e+00
-7.214847207069396973e-01,-3.683382272720336914e+00,5.839425325393676758e-02
-1.998091697692871094e+00,-3.740312099456787109e+00,1.775781869888305664e+00
-1.433145999908447266e+00,-1.598903059959411621e+00,-5.060285925865173340e-01
2.997718751430511475e-01,-2.359853029251098633e+00,1.786571979522705078e+00
2.424618154764175415e-01,-4.792703986167907715e-01,8.858696222305297852e-01
1.843800425529479980e+00,-6.122918128967285156e+00,6.292889714241027832e-01
1.160151481628417969e+00,-1.733020067214965820e+00,1.056512594223022461e-01
3.375635445117950439e-01,-2.804693460464477539e+00,1.828123450279235840e+00
1.131463527679443359e+00,-8.987219333648681641e-01,1.033748745918273926e+00
2.158391475677490234e+00,-8.561383485794067383e-01,5.169986486434936523e-01
-6.658321619033813477e-01,-3.808561563491821289e+00,-6.824850440025329590e-01
4.213024675846099854e-02,-1.598212003707885742e+00,9.524027705192565918e-01
1.598024368286132812e+00,-2.319477200508117676e-01,-8.450476527214050293e-01
7.072696685791015625e-01,-1.365959763526916504e+00,1.202857255935668945e+00
2.811591625213623047e-01,-3.759513854980468750e+00,8.617051839828491211e-01
2.041366696357727051e-01,-2.803218364715576172e+00,1.435543894767761230e+00
4.769394397735595703e-01,-3.825677633285522461e+00,1.423709988594055176e+00
2.108063548803329468e-01,7.762264609336853027e-01,-1.932543277740478516e+00
2.256378889083862305e+00,1.443214535713195801e+00,-1.426778793334960938e+00
2.470723152160644531e+00,-6.666263341903686523e-01,9.930048882961273193e-02
2.439016819000244141e+00,-4.606054306030273438e+00,-7.083142399787902832e-01
-1.020069837570190430e+00,-1.512902855873107910e+00,9.290925264358520508e-01
1.815194606781005859e+00,1.313539981842041016e+00,-2.418138027191162109e+00
4.537055492401123047e-01,4.858125448226928711e-01,-1.642418265342712402e+00
-3.994220197200775146e-01,-4.092916488647460938e+00,7.842798829078674316e-01
3.567959666252136230e-01,-4.497173309326171875e+00,1.526504755020141602e+00
6.768381595611572266e-01,-2.666280031204223633e+00,6.943030357360839844e-01
1.481702923774719238e+00,3.175088167190551758e-01,-6.879583001136779785e-01
1.655706018209457397e-02,-2.428529024124145508e+00,1.457266926765441895e+00
5.945389866828918457e-01,-9.958082437515258789e-01,-3.358787894248962402e-01
2.239176630973815918e-02,-2.101989984512329102e+00,1.355076074600219727e+00
8.949587941169738770e-01,-7.095823884010314941e-01,2.525990605354309082e-01
2.114822566509246826e-01,-1.920358896255493164e+00,1.287053227424621582e+00
2.030123472213745117e+00,-5.532663822174072266e+00,2.897049784660339355e-01
-5.483275651931762695e-01,-3.579325437545776367e+00,7.969147562980651855e-01
-1.057982146739959717e-01,-2.212390899658203125e+00,1.457862854003906250e+00
1.414905488491058350e-01,-1.924061536788940430e+00,2.523364722728729248e-01
3.956245481967926025e-01,-3.374611139297485352e-01,-2.296862125396728516e+00
-1.066148519515991211e+00,-2.159018516540527344e+00,1.269234418869018555e+00
-7.397335171699523926e-01,-1.642365336418151855e+00,6.384302377700805664e-01
9.351992011070251465e-01,-2.171555042266845703e+00,1.270647406578063965e+00
2.479552984237670898e+00,9.046499729156494141e-01,-1.786598443984985352e+00
-1.184419274330139160e+00,-1.665689468383789062e+00,1.097380399703979492e+00
1.736503839492797852e+00,-5.247754573822021484e+00,6.308645009994506836e-01
2.925682663917541504e-01,-1.496186494827270508e+00,1.452417016029357910e+00
-9.166319370269775391e-01,-2.768251180648803711e+00,1.479112744331359863e+00
9.480630159378051758e-01,-4.007152557373046875e+00,8.672176003456115723e-01
1.839944601058959961e+00,-9.809554219245910645e-01,-2.230708122253417969e+00
5.862351655960083008e-01,-2.704574108123779297e+00,1.422000765800476074e+00
-1.866756975650787354e-01,-1.931312441825866699e+00,1.184054374694824219e+00
1.525252014398574829e-01,-1.528228282928466797e+00,-1.571881055831909180e+00
4.162454605102539062e-01,-9.207723140716552734e-01,-8.928360939025878906e-01
1.740666508674621582e+00,2.866306900978088379e-02,8.895773291587829590e-01
1.511426925659179688e+00,1.617786169052124023e+00,-2.032094955444335938e+00
2.162449359893798828e+00,-2.279779911041259766e+00,-9.978818893432617188e-01
1.489066243171691895e+00,-3.684035301208496094e+00,1.698704957962036133e+00
9.874212741851806641e-01,-5.014472007751464844e-01,1.024452328681945801e+00
-8.979898691177368164e-02,-1.179325938224792480e+00,-6.266731023788452148e-02
1.946316599845886230e+00,-1.406749486923217773e+00,-1.063570499420166016e+00
-3.255712240934371948e-02,-1.798932433128356934e+00,1.267848134040832520e+00
1.221571803092956543e+00,-4.445664405822753906e+00,1.120142340660095215e-01
1.104913204908370972e-01,-1.344715595245361328e+00,-1.277931451797485352e+00
1.710649132728576660e+00,-5.359213352203369141e+00,1.733028888702392578e-02
1.579470485448837280e-01,-1.915919065475463867e+00,8.605685234069824219e-01
-8.849419355392456055e-01,8.505994081497192383e-02,-1.158113837242126465e+00
-9.879281520843505859e-01,-8.251007795333862305e-01,1.145926117897033691e-02
5.103867530822753906e+00,1.244416594505310059e+00,-1.323736071586608887e+00
5.060592889785766602e-01,4.167878329753875732e-01,-1.682573556900024414e-01
1.051001787185668945e+00,-3.404019117355346680e+00,-6.472164392471313477e-01
9.135708808898925781e-01,-5.141813158988952637e-01,1.235649287700653076e-01
-5.716874599456787109e-01,-3.775620698928833008e+00,1.324830889701843262e+00
2.959946990013122559e-01,-3.380914688110351562e+00,1.900621175765991211e+00
1.322732448577880859e+00,-2.774624824523925781e+00,6.044963002204895020e-01
1.206733465194702148e+00,-4.526897430419921875e+00,-3.208175897598266602e-01
1.268669128417968750e+00,-2.257825374603271484e+00,-2.069731712341308594e+00
2.330363512039184570e+00,-5.773274898529052734e+00,4.348580241203308105e-01
1.087600588798522949e+00,-1.178403198719024658e-02,-6.550978422164916992e-01
-7.198201119899749756e-02,-2.025323152542114258e+00,1.320747256278991699e+00
-8.686906099319458008e-02,-2.072864294052124023e+00,1.287149786949157715e+00
2.560168981552124023e+00,-6.535813331604003906e+00,1.158568859100341797e-01
1.291908860206604004e+00,7.451138496398925781e-01,-2.929605722427368164e+00
9.862806797027587891e-01,3.300172090530395508e-01,-4.486973285675048828e-01
1.303370296955108643e-01,1.094305992126464844e+00,-1.186448335647583008e+00
8.329454809427261353e-02,-3.593875467777252197e-01,3.317331969738006592e-01
2.251645565032958984e+00,1.878050804138183594e+00,-7.516001462936401367e-01
-6.798083186149597168e-01,-2.276063203811645508e+00,1.102930188179016113e+00
-1.254088878631591797e+00,-1.985457420349121094e+00,8.399918675422668457e-01
2.920750975608825684e-01,-2.465226173400878906e+00,-1.474873423576354980e+00
6.445153355598449707e-01,-3.390156984329223633e+00,1.238981246948242188e+00
1.069326877593994141e+00,-4.039577484130859375e+00,-2.765181064605712891e-01
-1.466248869895935059e+00,-2.531546354293823242e+00,1.287969708442687988e+00
5.637719035148620605e-01,-1.259616851806640625e+00,1.064819574356079102e+00
-2.344942688941955566e-01,-2.982598066329956055e+00,-6.982498764991760254e-01
9.587746858596801758e-01,-2.078783988952636719e+00,1.239496707916259766e+00
6.718926429748535156e-01,-4.321593284606933594e+00,1.342268466949462891e+00
-5.763216018676757812e-01,-4.269607543945312500e+00,1.783329248428344727e+00
1.004927158355712891e+00,-2.455576509237289429e-01,1.003628373146057129e-01
8.941012620925903320e-01,-2.371613502502441406e+00,3.840249776840209961e-02
6.631219983100891113e-01,-3.930459976196289062e+00,-2.029908597469329834e-01
2.544110774993896484e+00,-4.093798637390136719e+00,-2.689455449581146240e-01
-1.574636459350585938e+00,-2.221880435943603516e+00,-2.780272960662841797e+00
1.305355787277221680e+00,-3.711693286895751953e+00,1.179611563682556152e+00
-6.543809175491333008e-02,-5.157817840576171875e+00,-1.391372680664062500e-01
-7.052954435348510742e-01,-1.028428196907043457e+00,6.988015770912170410e-02
-3.802340626716613770e-01,5.696550011634826660e-02,-5.746122598648071289e-01
2.421168327331542969e+00,-3.645272016525268555e+00,6.877814531326293945e-01
2.158545732498168945e+00,-5.092770457267761230e-01,1.085231781005859375e+00
9.209446609020233154e-02,-2.061543226242065430e+00,1.644370555877685547e+00
1.382036924362182617e+00,-6.570989608764648438e+00,5.842432379722595215e-01
2.286306142807006836e+00,-3.077036142349243164e-02,-2.562467098236083984e+00
5.402139425277709961e-01,1.650013774633407593e-01,6.826081275939941406e-01
1.463240981101989746e+00,-2.385408878326416016e+00,-2.410410642623901367e+00
1.671758770942687988e+00,-4.977926015853881836e-01,-2.113312005996704102e+00
4.450209438800811768e-01,-6.579090654850006104e-02,-3.736580848693847656e+00
2.212562799453735352e+00,-4.465423583984375000e+00,4.891826510429382324e-01
3.114930391311645508e+00,1.073739409446716309e+00,2.882266938686370850e-01
2.439956426620483398e+00,-2.517899751663208008e+00,-1.550505876541137695e+00
6.218010187149047852e-01,-7.503570318222045898e-01,1.030922055244445801e+00
8.153553009033203125e-01,-5.026248931884765625e+00,5.847622752189636230e-01
9.284849464893341064e-02,-2.125950574874877930e+00,7.136076092720031738e-01
1.853952646255493164e+00,-4.328810691833496094e+00,1.110586047172546387e+00
-9.928419589996337891e-01,-1.867826700210571289e+00,1.369619965553283691e+00
8.324265480041503906e-01,-3.963006496429443359e+00,6.910009384155273438e-01
1.395334005355834961e+00,-4.236315727233886719e+00,1.987278461456298828e-02
3.838458061218261719e-01,-3.226876258850097656e+00,1.534485816955566406e+00
1.989851832389831543e+00,1.116836071014404297e-01,-2.604035139083862305e+00
-2.215570211410522461e-01,-1.447158157825469971e-01,-2.127479553222656250e+00
1.789098262786865234e+00,5.132848024368286133e-02,8.096895813941955566e-01
-1.263839721679687500e+00,-1.619043588638305664e+00,1.070252418518066406e+00
2.264309644699096680e+00,2.195873498916625977e+00,-1.388967990875244141e+00
2.785865783691406250e+00,1.147172212600708008e+00,-5.206495523452758789e-03
4.585434198379516602e-01,-1.761511325836181641e+00,1.158599853515625000e+00
6.731010079383850098e-01,-1.487118959426879883e+00,9.570771455764770508e-02
3.880429863929748535e-01,-1.896828413009643555e+00,7.104523181915283203e-01
2.164616882801055908e-01,-3.876448631286621094e+00,-7.315140962600708008e-01
-2.272469550371170044e-01,-3.583508491516113281e+00,1.486648201942443848e+00
-1.600146770477294922e+00,-2.938862562179565430e+00,2.991288900375366211e-02
-1.754802763462066650e-01,-4.622479438781738281e+00,-3.164258301258087158e-01
1.048621177673339844e+00,-5.858878612518310547e+00,2.924158573150634766e-01
6.456946730613708496e-01,-3.821403264999389648e+00,1.290920734405517578e+00
3.001979827880859375e+00,-3.592150449752807617e+00,8.906218409538269043e-02
2.212516307830810547e+00,-2.827402591705322266e+00,-6.073275208473205566e-01
-6.691510081291198730e-01,-8.030637502670288086e-01,-3.267320156097412109e+00
1.097776889801025391e-01,-3.784120082855224609e+00,5.919939279556274414e-02
-5.015606284141540527e-01,-3.415932655334472656e+00,1.197230815887451172e+00
-4.721770882606506348e-01,-3.117718935012817383e+00,1.404957294464111328e+00
5.588462352752685547e-01,-4.490410804748535156e+00,3.495081067085266113e-01
-7.693672776222229004e-01,-1.171646356582641602e+00,-2.591886758804321289e+00
8.821030855178833008e-01,-5.259029269218444824e-01,-5.676866769790649414e-01
-1.556140184402465820e+00,-2.283622741699218750e+00,1.190749168395996094e+00
1.622398197650909424e-01,-1.379155874252319336e+00,9.006575942039489746e-01
6.148651838302612305e-01,-3.979730606079101562e+00,-9.432028532028198242e-01
1.757364153861999512e+00,-5.014261245727539062e+00,1.097505331039428711e+00
4.082936048507690430e-02,-9.357601404190063477e-01,-2.280821084976196289e+00
3.541278123855590820e+00,1.082119703292846680e+00,-1.730326175689697266e+00
1.806657016277313232e-01,-8.221306204795837402e-01,-7.068102359771728516e-01
1.142726659774780273e+00,-5.891131401062011719e+00,1.308393716812133789e+00
-1.340978592634201050e-02,-8.407805562019348145e-01,6.629620194435119629e-01
1.677001118659973145e+00,-1.596775054931640625e+00,4.595215916633605957e-01
1.441024661064147949e+00,-1.289970755577087402e+00,-5.193662643432617188e-01
3.921727836132049561e-01,-5.274535655975341797e+00,3.756988048553466797e-01
-3.943625688552856445e-01,-6.414729356765747070e-01,-1.671117246150970459e-01
2.544775009155273438e+00,-1.006616473197937012e+00,-2.296736240386962891e+00
1.183533430099487305e+00,1.352627873420715332e-01,-1.618431091308593750e+00
1.300684511661529541e-01,-1.431755781173706055e+00,1.152681231498718262e+00
1.499433159828186035e+00,1.798156738281250000e+00,-1.640475511550903320e+00
2.898183166980743408e-01,-8.316286802291870117e-01,-2.789938449859619141e+00
3.860726833343505859e+00,1.112342476844787598e+00,-8.812868595123291016e-02
5.144426226615905762e-01,-2.672496438026428223e-01,-3.128376007080078125e-01
-4.221368134021759033e-01,-2.599970102310180664e+00,1.463072299957275391e+00
-2.860194146633148193e-01,-2.612483501434326172e-01,-2.676204442977905273e-01
-2.594344317913055420e-01,-3.365781784057617188e+00,1.649647951126098633e+00
-1.319494247436523438e+00,-2.342380762100219727e+00,-2.568440437316894531e-01
1.692140936851501465e+00,-1.180756688117980957e+00,-2.367771863937377930e-01
-4.506979137659072876e-03,-1.762555122375488281e+00,1.327243566513061523e+00
-1.715045213699340820e+00,-4.825410366058349609e+00,-3.005432486534118652e-01
8.484669923782348633e-01,-2.311340093612670898e+00,8.059329986572265625e-01
1.678993105888366699e+00,-4.644972801208496094e+00,1.177641749382019043e+00
8.309516310691833496e-01,-1.351278901100158691e+00,9.527963399887084961e-01
-2.086187750101089478e-01,-2.536132335662841797e-01,-1.424286365509033203e-01
2.370086431503295898e+00,-1.996220111846923828e+00,2.476507276296615601e-01
-1.756731748580932617e+00,-1.440866470336914062e+00,4.211100935935974121e-01
1.914917469024658203e+00,-4.357839584350585938e+00,-2.209860980510711670e-01
5.698761940002441406e-01,-4.621026515960693359e+00,2.895544171333312988e-01
-1.789976209402084351e-01,-1.741870641708374023e+00,1.100153446197509766e+00
2.165363579988479614e-01,-1.102787554264068604e-01,-4.696649312973022461e-01
2.353135824203491211e+00,3.816621303558349609e-01,-1.019142866134643555e+00
7.726987004280090332e-01,-2.165245294570922852e+00,1.296885371208190918e+00
-2.427812367677688599e-01,-1.807603001594543457e+00,2.305362224578857422e-01
4.735931754112243652e-03,-2.709779262542724609e+00,1.371300101280212402e+00
4.497760236263275146e-01,-7.909083962440490723e-01,-5.021205544471740723e-01
-4.436488151550292969e-01,-4.299059391021728516e+00,1.379180788993835449e+00
2.457269877195358276e-01,-2.311009645462036133e+00,1.366417169570922852e+00
-3.824864029884338379e-01,-5.127598762512207031e+00,8.837814927101135254e-01
1.578846454620361328e+00,-5.840803623199462891e+00,6.177529692649841309e-01
2.182062625885009766e+00,4.951597154140472412e-01,3.582740426063537598e-01
1.698899269104003906e+00,-6.568431854248046875e+00,9.094665646553039551e-01
2.551391601562500000e+00,-8.763437867164611816e-01,-1.018884181976318359e-01
1.435841321945190430e+00,-2.447097778320312500e+00,1.008198738098144531e+00
-2.936066627502441406e+00,-4.402834892272949219e+00,1.662103176116943359e+00
2.048398017883300781e+00,-1.119122266769409180e+00,-1.081865072250366211e+00
1.112729430198669434e+00,-2.042165279388427734e+00,1.178413271903991699e+00
-2.781313061714172363e-01,-2.283481121063232422e+00,1.063612818717956543e+00
1.300175428390502930e+00,-5.793417096138000488e-01,-1.915975332260131836e+00
1.853682279586791992e+00,-2.783377170562744141e+00,4.314794838428497314e-01
7.143365144729614258e-01,-5.650268077850341797e+00,-5.652751326560974121e-01
2.903373956680297852e+00,-3.889170646667480469e+00,6.530448794364929199e-02
-7.137989997863769531e-01,-7.956195473670959473e-01,3.049461841583251953e-01
1.632996439933776855e+00,-1.617972850799560547e+00,-3.726584911346435547e-01
2.215419530868530273e+00,1.250540733337402344e+00,1.004151701927185059e-01
-4.133655071258544922e+00,-6.206805229187011719e+00,1.592375636100769043e+00
3.867789506912231445e+00,-9.157385230064392090e-01,-1.828522801399230957e+00
2.261536598205566406e+00,2.965339422225952148e-01,5.088284015655517578e-01
1.030667066574096680e+00,-5.000654220581054688e+00,5.650139451026916504e-01
6.128892898559570312e-01,-4.037281870841979980e-01,3.818270862102508545e-01
1.731114149093627930e+00,-5.364066362380981445e-02,-3.179330751299858093e-02
1.806456327438354492e+00,-4.587420463562011719e+00,1.066089391708374023e+00
2.722653150558471680e-01,-7.887369990348815918e-01,-8.204817771911621094e-01
9.199792146682739258e-01,2.843561768531799316e-01,-2.132207393646240234e+00
2.263367414474487305e+00,-5.569486618041992188e+00,4.154764413833618164e-01
1.394143700599670410e+00,3.563814759254455566e-01,5.555340051651000977e-01
1.858650326728820801e+00,-1.914309859275817871e+00,5.308931469917297363e-01
-6.167929172515869141e-01,-2.220947980880737305e+00,1.138026118278503418e+00
1.231046438217163086e+00,3.638962507247924805e-01,3.546254932880401611e-01
6.918724179267883301e-01,-1.701254844665527344e+00,1.290070533752441406e+00
2.381576538085937500e+00,-1.570962190628051758e+00,3.572233617305755615e-01
8.011856079101562500e-01,-4.210045337677001953e-01,-1.453941822052001953e+00
2.382420778274536133e+00,6.196063756942749023e-01,-9.445329904556274414e-01
-2.043990135192871094e+00,-2.024082183837890625e+00,-1.636218070983886719e+00
1.157605051994323730e+00,-8.463844656944274902e-01,8.539751172065734863e-01
1.313333868980407715e+00,-7.866443693637847900e-02,3.089159429073333740e-01
8.037815093994140625e-01,-1.524947524070739746e+00,-7.503080368041992188e-01
3.888108730316162109e-01,-2.345271348953247070e+00,1.076713800430297852e-01
1.713451862335205078e+00,-1.503317713737487793e+00,8.595404028892517090e-01
8.216891288757324219e-01,-7.286050915718078613e-01,1.056453824043273926e+00
6.049144864082336426e-01,-1.893556714057922363e+00,1.238955616950988770e+00
1.174710392951965332e+00,4.457290768623352051e-01,-1.693897843360900879e+00
8.076895475387573242e-01,-5.091429710388183594e+00,1.592038154602050781e+00
7.993292808532714844e-01,-2.353641986846923828e+00,2.407971620559692383e-01
2.140228271484375000e+00,-2.323457717895507812e+00,-1.865246295928955078e-01
1.050328612327575684e+00,-2.388151645660400391e+00,1.232087492942810059e+00
1.342134952545166016e+00,-1.565996050834655762e+00,8.718270063400268555e-01
2.965158820152282715e-01,-1.316747188568115234e+00,1.243430018424987793e+00
-2.946285009384155273e-01,-3.522285819053649902e-02,-1.699742674827575684e-02
5.662497282028198242e-01,-2.298531055450439453e+00,-6.531588435173034668e-01
-3.405937552452087402e-01,-3.439118266105651855e-01,-6.499599218368530273e-01
4.894785881042480469e-01,-4.189898967742919922e+00,1.086273670196533203e+00
-9.156824350357055664e-01,-1.517231106758117676e+00,-4.673479199409484863e-01
1.043005585670471191e+00,-1.332355499267578125e+00,3.949113190174102783e-01
1.499320149421691895e+00,-2.423216819763183594e+00,8.739825487136840820e-01
-6.565203666687011719e-01,3.072900176048278809e-01,-1.549003005027770996e+00
2.121150493621826172e-03,-2.231371641159057617e+00,8.688335418701171875e-01
-6.695290207862854004e-01,-1.345836400985717773e+00,-9.409083127975463867e-01
1.024966478347778320e+00,-2.031564474105834961e+00,7.922970056533813477e-01
1.628981113433837891e+00,-3.685492038726806641e+00,-3.042603135108947754e-01
5.503066182136535645e-01,-1.177746295928955078e+00,-2.524743795394897461e+00
9.670091867446899414e-01,-2.616844892501831055e+00,-8.396682739257812500e-01
1.084046006202697754e+00,-6.499611735343933105e-01,-1.871242284774780273e+00
-7.163911461830139160e-01,-2.903290748596191406e+00,1.250245928764343262e+00
5.343458652496337891e-01,-2.704411029815673828e+00,7.500827908515930176e-01
1.408799290657043457e+00,-5.255863189697265625e+00,1.266618132591247559e+00
-5.566501617431640625e-01,-3.133603096008300781e+00,1.078085780143737793e+00
2.234686613082885742e-01,-1.683926463127136230e+00,1.308757066726684570e+00
-5.109180808067321777e-01,-2.990268707275390625e+00,1.440763950347900391e+00
1.065346121788024902e+00,-1.483673214912414551e+00,3.452108800411224365e-02
-3.740921020507812500e-01,-3.285871505737304688e+00,1.162791967391967773e+00
1.009450793266296387e+00,-2.577793598175048828e+00,1.396206378936767578e+00
1.309900164604187012e+00,-1.261489987373352051e+00,1.104522585868835449e+00
1.522041440010070801e+00,-1.751772761344909668e+00,6.775878667831420898e-01
-1.387737751007080078e+00,-2.865913391113281250e+00,1.506453990936279297e+00
2.903854608535766602e+00,-2.257528901100158691e-01,-8.039875030517578125e-01
-9.342925548553466797e-01,-1.698241233825683594e+00,1.059748053550720215e+00
-2.699685990810394287e-01,-7.798689842224121094e+00,1.122397065162658691e+00
5.706452131271362305e-01,1.003649115562438965e+00,-1.274951219558715820e+00
8.488496541976928711e-01,-1.628191709518432617e+00,1.432458877563476562e+00
1.009135484695434570e+00,-2.939181089401245117e+00,1.069444060325622559e+00
2.991786003112792969e-01,-2.656489372253417969e+00,1.180360674858093262e+00
3.185147047042846680e-02,-3.432963848114013672e+00,1.527857065200805664e+00
1.737309932708740234e+00,2.140703201293945312e-01,-1.385998606681823730e+00
-1.168056055903434753e-01,-1.375081539154052734e+00,1.075105190277099609e+00
6.096286773681640625e-01,-1.478127956390380859e+00,1.382305860519409180e+00
-1.141687870025634766e+00,-4.454638957977294922e-01,-1.937418699264526367e+00
7.704560756683349609e-01,-4.312981367111206055e-01,9.354143142700195312e-01
2.106496572494506836e+00,-1.447188258171081543e+00,-8.855431079864501953e-01
2.562508344650268555e+00,1.444540023803710938e+00,-1.141525387763977051e+00
1.338545978069305420e-02,-2.976388454437255859e+00,1.107879400253295898e+00
1.024597764015197754e+00,-2.020665407180786133e+00,-1.233694553375244141e-01
6.026628613471984863e-01,-1.951947212219238281e+00,1.070720076560974121e+00
2.932309627532958984e+00,-5.528399467468261719e+00,-7.140426039695739746e-01
-1.478123664855957031e+00,-2.450139045715332031e+00,1.349355816841125488e+00
1.605190336704254150e-02,-3.780380010604858398e+00,1.592967748641967773e+00
1.599735379219055176e+00,-1.374218583106994629e+00,-3.968669474124908447e-01
7.535397410392761230e-01,-3.759170532226562500e+00,-7.573629617691040039e-01
2.700155019760131836e+00,-3.269365310668945312e+00,-7.436937093734741211e-02
-1.113659858703613281e+00,-1.881888031959533691e+00,-1.668465137481689453e+00
5.949878692626953125e-01,-6.001895070075988770e-01,9.683846235275268555e-01
2.397919654846191406e+00,2.947973012924194336e-01,-1.808244138956069946e-01
-4.573866724967956543e-02,-2.282559871673583984e+00,1.231163263320922852e+00
-1.007874011993408203e+00,-2.584132194519042969e+00,1.664332509040832520e+00
-2.152598381042480469e+00,-1.329266548156738281e+00,7.090348601341247559e-01
1.352055907249450684e+00,-1.261782169342041016e+00,4.886139929294586182e-01
6.117689609527587891e-02,-5.779764652252197266e+00,8.826319575309753418e-01
1.507524728775024414e+00,-4.046854019165039062e+00,1.500350475311279297e+00
1.670430064201354980e+00,-7.474488019943237305e-02,-1.821004867553710938e+00
9.820523858070373535e-01,-1.280573844909667969e+00,6.382705569267272949e-01
2.888278722763061523e+00,-3.998997807502746582e-01,-7.947782278060913086e-01
1.345286965370178223e+00,-5.179700374603271484e+00,5.132393240928649902e-01
3.625915765762329102e+00,2.125545978546142578e+00,-2.225550651550292969e+00
1.415501832962036133e+00,-1.832970857620239258e+00,1.413478374481201172e+00
2.658692598342895508e+00,-6.169765591621398926e-01,1.591095328330993652e-01
-1.124495625495910645e+00,-7.200304865837097168e-01,-5.059168338775634766e-01
-2.560040950775146484e-01,7.874984741210937500e-01,-1.661851048469543457e+00
3.461861610412597656e-01,-1.803965687751770020e+00,-1.471153736114501953e+00
9.633543491363525391e-01,-5.897307872772216797e+00,6.815776228904724121e-01
1.184456944465637207e+00,-8.734751939773559570e-01,-1.261951088905334473e+00
2.734678983688354492e+00,-2.051146507263183594e+00,-3.189845681190490723e-01
-1.704402565956115723e-01,-3.823559522628784180e+00,1.608583927154541016e+00
2.230046510696411133e+00,-1.414586901664733887e-01,4.885855615139007568e-01
-7.416622042655944824e-01,-7.897453904151916504e-01,-2.823173284530639648e+00
1.426761388778686523e+00,-3.310159206390380859e+00,1.000394105911254883e+00
1.702778816223144531e+00,-2.972178936004638672e+00,-2.887680530548095703e-01
3.176452517509460449e-01,-8.409308195114135742e-01,-1.344494968652725220e-01
2.213195562362670898e-01,-3.310848951339721680e+00,1.843387722969055176e+00
-3.657721281051635742e-01,-1.099263668060302734e+00,6.574382781982421875e-01
-8.657857179641723633e-01,-9.039330482482910156e-01,-1.250897765159606934e+00
1.401503086090087891e+00,-7.628653049468994141e-01,1.344297885894775391e+00
2.360836982727050781e+00,1.444898843765258789e+00,-1.560158014297485352e+00
4.347513020038604736e-01,-2.903040647506713867e+00,1.879232406616210938e+00
2.739421725273132324e-01,-2.548316717147827148e+00,1.139773607254028320e+00
4.347705841064453125e-01,-1.410193324089050293e+00,1.358580946922302246e+00
-6.401131153106689453e-01,-3.169902086257934570e+00,1.800020575523376465e+00
2.725564002990722656e+00,-5.902752876281738281e-01,-3.464602231979370117e-01
2.178545713424682617e+00,-3.327709436416625977e+00,2.389488220214843750e-01
-3.391305804252624512e-01,-2.142630338668823242e+00,1.468147993087768555e+00
-4.821447134017944336e-01,2.077611684799194336e-01,-1.486539006233215332e+00
-7.052469253540039062e-01,-3.207674980163574219e+00,1.764645338058471680e+00
2.828060090541839600e-01,-2.737186193466186523e+00,-2.293198108673095703e+00
4.575796425342559814e-01,-1.435947179794311523e+00,1.196641921997070312e+00
1.426535129547119141e+00,-3.417455196380615234e+00,4.467802643775939941e-01
2.767814874649047852e+00,1.256622076034545898e+00,-2.475286483764648438e+00
1.507270455360412598e+00,-3.532649993896484375e+00,-3.430317938327789307e-01
2.928262472152709961e+00,6.999075412750244141e-02,7.791032195091247559e-01
7.345077991485595703e-01,-2.422091245651245117e+00,1.483790993690490723e+00
2.185062170028686523e+00,8.241223096847534180e-01,-1.819888472557067871e+00
2.658065557479858398e+00,-4.077867507934570312e+00,3.803395032882690430e-01
1.275003194808959961e+00,-4.066888809204101562e+00,1.191647768020629883e+00
3.500109910964965820e-01,-1.602527141571044922e+00,1.050625443458557129e+00
-2.521621704101562500e+00,-2.889881134033203125e+00,-6.767416596412658691e-01
2.717578411102294922e+00,-3.359815359115600586e+00,-6.551981568336486816e-01
1.229153990745544434e+00,-4.014757156372070312e+00,1.198641061782836914e+00
9.946915507316589355e-01,-3.156687498092651367e+00,1.352878808975219727e-01
1.052679061889648438e+00,3.085142374038696289e-01,-7.306596040725708008e-01
1.413803577423095703e+00,7.424771785736083984e-03,-1.235201478004455566e+00
8.646869659423828125e-01,-1.467298984527587891e+00,1.485635280609130859e+00
1.911969542503356934e+00,-6.246577262878417969e+00,-1.537199616432189941e-01
8.117837905883789062e-01,-2.477192401885986328e+00,-7.926646471023559570e-01
7.541939020156860352e-01,-1.737215995788574219e+00,-1.213850259780883789e+00
9.206029772758483887e-01,-3.038421273231506348e-03,-1.702642917633056641e+00
-1.093521356582641602e+00,-1.797704935073852539e+00,-5.549605488777160645e-01
-1.128363490104675293e+00,-2.422047138214111328e+00,1.408632993698120117e+00
3.473148345947265625e+00,1.351669907569885254e+00,-1.995836794376373291e-01
1.096655488014221191e+00,7.081841826438903809e-01,-1.309642076492309570e+00
-2.221991539001464844e+00,-6.698631763458251953e+00,1.239429235458374023e+00
1.793744683265686035e+00,9.646307229995727539e-01,-2.327907323837280273e+00
-3.515623807907104492e-01,-2.674302577972412109e+00,1.069150567054748535e+00
-1.388918519020080566e+00,-1.181171298027038574e+00,-7.765021920204162598e-01
7.013313174247741699e-01,-1.818189024925231934e-01,-4.356931895017623901e-02
1.546466588973999023e+00,-3.224127531051635742e+00,-7.793575525283813477e-03
1.749124884605407715e+00,-8.281397223472595215e-01,1.291259050369262695e+00
8.238353729248046875e-01,-3.415042400360107422e+00,2.776095271110534668e-01
1.709843873977661133e+00,2.281178236007690430e-01,2.290474027395248413e-01
3.464553594589233398e+00,-3.071171283721923828e+00,-2.154024839401245117e-01
1.925513267517089844e+00,-3.304381668567657471e-01,-4.087075591087341309e-01
1.348839521408081055e+00,-2.811662197113037109e+00,3.318281769752502441e-01
-2.836457788944244385e-01,-1.957687437534332275e-01,-8.652886152267456055e-01
1.438463479280471802e-02,-1.947784066200256348e+00,1.210630059242248535e+00
-1.092266887426376343e-01,-9.942671060562133789e-01,1.541061699390411377e-01
2.571828603744506836e+00,-5.472167015075683594e+00,-8.390659093856811523e-02
4.784396588802337646e-01,1.202789664268493652e+00,-7.415950298309326172e-01
2.488991737365722656e+00,-2.759866714477539062e+00,-4.699451029300689697e-01
1.051957011222839355e+00,-6.305894374847412109e+00,1.942224502563476562e-01
-2.609771490097045898e+00,-2.522602081298828125e+00,8.958564400672912598e-01
5.821812152862548828e-01,-5.693120956420898438e+00,3.649341464042663574e-01
1.203795790672302246e+00,-7.121133804321289062e-01,-2.990930974483489990e-01
-2.744489908218383789e-02,-5.409321308135986328e+00,1.242043733596801758e+00
-1.115071177482604980e+00,-3.066114187240600586e+00,1.538178324699401855e+00
8.945965170860290527e-01,-6.064928770065307617e-01,-4.744098186492919922e-01
7.916193604469299316e-01,-2.167100906372070312e+00,1.021251082420349121e+00
1.829023122787475586e+00,-5.550808906555175781e-01,4.186520278453826904e-01
-2.185796260833740234e+00,-3.105015277862548828e+00,1.501636981964111328e+00
1.770524978637695312e+00,-1.283985853195190430e+00,-1.106640338897705078e+00
-3.728087544441223145e-01,-3.236319780349731445e+00,1.704368948936462402e+00
1.767922163009643555e+00,-4.905995368957519531e+00,1.112866401672363281e+00
1.602960586547851562e+00,-1.311064481735229492e+00,1.075002789497375488e+00
3.070166110992431641e-01,-2.293622732162475586e+00,1.427266120910644531e+00
-2.697717666625976562e+00,-2.333160877227783203e+00,-2.180795907974243164e+00
1.026264548301696777e+00,-1.844658017158508301e+00,-1.172233819961547852e+00
7.604696750640869141e-01,-1.968034148216247559e+00,9.501315951347351074e-01
4.273381829261779785e-01,-2.052426099777221680e+00,1.587049603462219238e+00
3.438539743423461914e+00,-2.335741758346557617e+00,-5.546052455902099609e-01
-4.737812578678131104e-01,-2.001886844635009766e+00,1.070273518562316895e-01
-1.328634023666381836e+00,-2.709254980087280273e+00,-1.934927105903625488e-01
-2.007696151733398438e+00,-4.584870338439941406e+00,1.511915564537048340e+00
-4.746446609497070312e-01,-2.611170053482055664e+00,1.914463639259338379e+00
8.813011646270751953e-01,-3.173735380172729492e+00,6.165000200271606445e-01
-1.142093896865844727e+00,-2.199923276901245117e+00,-1.215633988380432129e+00
2.179613262414932251e-01,-4.001360893249511719e+00,1.169413447380065918e+00
5.401566624641418457e-03,-2.044626712799072266e+00,7.710450887680053711e-01
-7.726644277572631836e-01,-1.224019408226013184e+00,-2.497757196426391602e+00
5.958653092384338379e-01,-7.647041678428649902e-01,-1.167239069938659668e+00
2.575342893600463867e+00,-1.672078609466552734e+00,-5.882657170295715332e-01
