"alpha","tau","delta","convergence"
0.498748076340838,0.120865300213778,0.0975087981173609,1
0.0709247870789185,0.0140933167411593,0.158770668764231,1
0.523460082391397,0.0998518059607321,0.119586968856223,1
0.0590685005935538,0.00637785211355589,0.247833423609795,1
0.530912994075117,0.123456856937434,0.10863886531306,1
0.294586083167632,0.0865039949526243,0.0845957651868815,1
0.279436035617516,0.0549125828183877,0.122220642741908,1
0.177914535210491,0.0395169725578748,0.111141481079319,1
0.827962702308913,0.120320494119887,0.170131841485078,1
0.062707264882481,0.0101986698492708,0.170309033424911,1
0.154883314559019,0.0227700516595214,0.0883000270768383,1
0.140304882031227,0.0267800096946381,0.133938451194496,1
0.093310856674981,0.0166024120606359,0.148303993623919,1
0.141979467344108,0.0252741453969178,0.147201676044821,1
0.16412164253013,0.0235913128269474,0.167185156865128,1
0.1016956761638,0.0303068790234998,0.102600705071182,1
0.198096124761311,0.0308847235386113,0.112596808433423,1
0.815861645184535,0.131579557331787,0.180453625438857,1
0.235205311272974,0.0803418040815209,0.0785184674708903,1
0.242987847679615,0.0494370008514053,0.117162154761021,1
0.0691755990934869,0.00849330318967331,0.201743935469679,1
0.0851353527328232,0.0194713087992155,0.132372433114234,1
0.429866739824208,0.0578859616611491,0.169389556059473,1
0.13616129663515,0.0379520715594956,0.0895300473066785,1
0.140905339888109,0.0404402917904834,0.097705520474796,1
0.538080717245362,0.0853316672302372,0.123294609454056,1
0.32416650860612,0.0704279265632423,0.102464228087673,1
0.0373267296197865,0.00419268424349738,0.279051445078824,1
0.263603862218193,0.0336280542211328,0.182842386707465,1
0.810185455194889,0.11893902663397,0.181507356265223,1
0.213643754527172,0.034819463141448,0.147376448625729,1
0.109490757392042,0.0155950052354959,0.162154720571002,1
0.878088199695312,0.110759591664286,0.241296548808995,0
0.293579177452207,0.0698311819176911,0.068170011772089,1
1.41956839486236,0.198979407873528,0.234068396890129,1
0.0605324276329341,0.00618818896109209,0.254390608580883,1
0.671594119187599,0.15907816879464,0.108359034173357,1
0.24887591031419,0.0661362305236826,0.0927878024808911,1
0.297677030926563,0.0412356068191622,0.188038602280836,1
0.180687626124953,0.0240830467118888,0.170528141768644,1
0.201223372096797,0.0143641164391516,0.1584823426351,1
0.0860816519910623,0.018816384730172,0.139495852767271,1
0.649466915494181,0.1189982116805,0.147819403626243,1
0.299719931297591,0.133863155738146,0.0591894970779562,1
0.455699330279754,0.0615988416566812,0.187362019688703,1
0.151756712540451,0.0257541964405723,0.126788491571626,1
0.362048060224444,0.0688776960506162,0.138458025133407,1
0.0515276881331048,0.00721059546463797,0.220564099940159,1
0.177166994001014,0.026893638538823,0.150786523177858,1
0.479276633577366,0.117947682193811,0.103805436274067,1
0.050963550861141,0.00637252293167154,0.221957014212058,1
0.119084247341682,0.0333931487469435,0.0866170464361925,1
0.200692873074645,0.0339787907791625,0.14454866570869,1
0.451585300083602,0.0853236864938169,0.124811146011875,1
0.171732633072496,0.0429048749507651,0.097957227334845,1
0.255648928823357,0.0409351587748885,0.103806608996366,1
0.0778378228239549,0.017235679864393,0.137635989736049,1
0.634128136998411,0.11484833177152,0.133281669652518,1
0.330213694913723,0.0658775273968179,0.0798014197078958,1
0.800437378896239,0.127407159565424,0.153720320163753,1
0.821142947477716,0.18927328253133,0.103879730394957,1
0.0907247681949698,0.0129134467850682,0.192011432996098,1
0.60170566833655,0.099719814410486,0.149202798949381,1
0.0665629029819663,0.00938569175021381,0.203187131080881,1
0.132875862081968,0.0212068575994812,0.158293494026445,1
0.110776194872579,0.021223414682057,0.135343896973749,1
0.191293916944486,0.0390736026441589,0.126132707776919,1
0.70649418221137,0.101867907862509,0.178402758822335,1
0.458785218161159,0.0832992797872108,0.122171919786167,1
0.74255587026864,0.0938652860399007,0.214853677461725,1
0.244142247550146,0.0438409136615322,0.0782837515562634,1
1.1107434935531,0.143110721874133,0.240092567986683,1
0.35618652227352,0.0771137068636112,0.0949646465538597,1
0.248831413956995,0.0413631062706829,0.136946857043892,1
0.346217249203824,0.0797329044962366,0.101460254305837,1
0.0505362328309964,0.00654579001746452,0.218760406770678,1
1.40211679909771,0.226925371059121,0.201064962826914,1
0.0612253561861611,0.00681827144236972,0.226937137496417,1
0.370048657131571,0.0472907278954502,0.1415777795184,1
0.796769691704377,0.101970814081462,0.252192778090317,1
0.799964338213861,0.101901406280715,0.203034972940504,1
0.699512575357492,0.0988803208221397,0.197318816336303,1
0.268674405100272,0.041090221404562,0.117196444011248,1
0.0913366027734075,0.0107461471038993,0.2111574749798,1
0.217290335513463,0.0320154251577833,0.158193402249205,1
0.283980583031482,0.0770892189047023,0.0943106002398792,1
0.616277454415844,0.12785552138654,0.12405706971595,1
0.766350964034842,0.117263987983754,0.162342337286788,1
0.0562735538846479,0.00877686869688447,0.187154537742904,1
0.183517086350251,0.0516033981332984,0.0965394157142817,1
1.91752902333631,0.253325908404478,0.29818433593446,0
0.100946892400149,0.0165175838858235,0.164864194066139,1
0.691086772417773,0.0784800238970974,0.183208764334306,1
0.648285611804553,0.0730213928819936,0.262028601138886,0
0.282146804326024,0.087009558938537,0.0632463750649118,1
0.168602669788631,0.0369420860739619,0.113711058208285,1
0.667759307758634,0.089268179966412,0.166339207598381,1
0.404186576609474,0.0538379462674839,0.175029882747613,1
0.18877040775772,0.0286922907935825,0.128570173112203,1
0.144377024039772,0.0405224575619188,0.0991465151400919,1
0.375679175046628,0.0590483423497373,0.160227501644562,1
0.0922364727718262,0.0166362455324758,0.153157519630567,1
0.521301863688825,0.0730212659822418,0.177994028929275,1
0.313854427838533,0.0869421305039833,0.0928551551649089,1
0.697256544884145,0.117801697583956,0.156980582628282,1
0.561230498029895,0.1168305400487,0.116034660198011,1
0.0450692426560549,0.00488346642252734,0.263968115934475,1
0.0558457853550069,0.00711923573622146,0.226153228622469,1
0.150469273983417,0.0256242625507411,0.128881382039248,1
0.168955201692987,0.05637176954015,0.0728100494042175,1
0.418265719876218,0.0601004512425908,0.18743782608156,1
0.041516366440276,0.00460878959492484,0.256830241530297,1
0.0521504839387625,0.00655819143775618,0.227344520564933,1
0.311194120964135,0.0803990819655828,0.0954564125586983,1
0.569500958385739,0.125576215695275,0.102763490492229,1
0.292521826287904,0.0637834065726374,0.109026121093105,1
0.0864521945425892,0.0134478122259418,0.175602406976585,1
0.838821501554571,0.123986923235082,0.195220265498507,1
0.126877387086227,0.0241135051775035,0.141877737478139,1
0.689950313149348,0.101967552728008,0.182473548374858,1
0.188094621389277,0.0302994971595935,0.151798044584906,1
0.728772887040743,0.109054752115526,0.197403621213475,1
0.235638510160128,0.0712179747091717,0.067473326691175,1
0.276417011842036,0.058815121148934,0.106940106497739,1
0.84947661047043,0.115908357883935,0.206540685965901,1
0.194515528975239,0.0396974406923663,0.120449651815214,1
0.0515210970225594,0.00765588906507135,0.200534562066377,1
0.909883510014701,0.125351494164777,0.237954414919023,0
0.298251676414695,0.0428201004484177,0.167557468326125,1
0.460587333584636,0.0722614679560603,0.141026140941913,1
0.0546492858731507,0.00749239872624587,0.209886311830536,1
0.936778199575151,0.108488471215722,0.281940856516639,1
0.274096965004283,0.0773405650664503,0.0699791820069053,1
0.781729051349599,0.0873535263264799,0.238320942439519,1
1.1391948351391,0.169332927805698,0.226003018940303,1
0.328359025126537,0.089778716399433,0.0879629127162612,1
0.0691755301654985,0.0145413862969159,0.152667111172649,1
0.575266685203458,0.0915991152593943,0.147543865495752,1
0.700190461380503,0.106100675455332,0.193149235600477,1
0.0822793108485409,0.0167757961859435,0.142959224387687,1
0.0936056830067164,0.0155036113111346,0.151236515011968,1
0.286380198487951,0.027962706244735,0.193796506649284,1
0.0419821978570184,0.00430742074765384,0.277306620021322,1
0.120226559270727,0.0335123197232391,0.104685515527078,1
0.367131443313259,0.0440601825207214,0.102892553896045,1
0.398008521388765,0.0447209020754962,0.200539139997936,1
0.144427771411398,0.0262688117101804,0.146766169380562,1
0.100103242851479,0.0217437530857497,0.121123390086386,1
0.642995430653551,0.0939913787358733,0.186095343041563,1
0.223208220135183,0.0749298499629307,0.0758019424156056,1
0.0843887596101586,0.0158578925665987,0.1462143347402,1
0.237184740148358,0.0864194355402366,0.0671301317840592,1
0.32557984720222,0.0540186204494715,0.141964729752448,1
0.0633405324754656,0.00726688940649023,0.233840091020023,1
0.162244114710736,0.0198163323620207,0.184759948704217,1
0.0472420420487445,0.0023057504961535,0.201343434273786,1
0.123107637807914,0.0157084026915346,0.200411937741368,1
0.144926630755928,0.0469757811881523,0.0893436840739395,1
0.166625738450227,0.0258799176520326,0.15384297554206,1
0.498660137193335,0.103429872731479,0.115724574627469,1
0.743167578349512,0.101142571622269,0.161449543852196,1
0.263963409072772,0.0639631709589032,0.0981639888485163,1
0.187820218022806,0.0687297383150532,0.0756515788003081,1
0.0838255771085853,0.0201647924330399,0.120440264007913,1
0.230548117431008,0.0599858548530404,0.0625812127966968,1
0.0937043478514816,0.0148917088522742,0.169199908774991,1
0.710360088926076,0.101343220991672,0.19692965347954,1
0.756871999788338,0.117049825631434,0.191866975262863,1
0.22374569124396,0.0646576528193191,0.0574641904366896,1
0.0381335407758062,0.00430537326864113,0.255368373934875,1
0.100468153690708,0.0142326919488481,0.182300569074168,1
0.0568802574613965,0.00568851652373973,0.268923197875603,1
0.206939379976815,0.0289902968218857,0.182761029449226,1
0.0830736228872299,0.00830827123822642,0.243620382728498,1
0.424002508764244,0.06576587687127,0.159595905064547,1
0.319457175553872,0.0459831209241764,0.169208906395907,1
0.0966036458017457,0.0243178926102645,0.117999193977429,1
0.488170720499644,0.102189784268203,0.113691556128278,1
0.183137982542709,0.0623416022472642,0.081242969438035,1
0.660281540237858,0.0923134925938225,0.206782027991502,1
0.496193091481322,0.0719852412107398,0.181613928969532,1
0.132154096594184,0.0335827849944397,0.103937791909172,1
0.43169813082657,0.0657939151399376,0.140023044118933,1
0.481544977672983,0.113237476615682,0.0961641150464281,1
0.963457457958646,0.176618508824345,0.149960639473585,1
0.156716633428167,0.0242487374469829,0.164567910145278,1
0.173778464684214,0.0428990875236605,0.105292068831965,1
0.184472521463067,0.0569510716163372,0.0848073250052025,1
0.163334303966478,0.0429382545854475,0.0746903901529941,1
0.0501376227943944,0.00750617418514708,0.199669619499795,1
0.344414363584412,0.0709277580769474,0.09354636720177,1
0.203652122277554,0.0738076813917649,0.0754871751483579,1
0.156278505053198,0.0236028647103662,0.165074422584366,1
0.0871589160113454,0.0114128466923601,0.201739676536002,1
0.210190000944388,0.0308855571161665,0.0808466508371636,1
0.252360123886652,0.0222650717885681,0.165923011162096,1
0.724067158776577,0.0918034369421043,0.186030130863444,1
0.323691198742922,0.12960269098915,0.0614934238718457,1
0.0535144225065369,0.00835954743020169,0.192280593696398,1
0.656107476261286,0.063430889927383,0.310681239947582,1
0.0792822424785594,0.0183415133133552,0.122829398187822,1
0.0624755146107917,0.0108611385407816,0.167002970826169,1
0.0318405353396615,0.00339162219793731,0.277619874720284,1
0.224653517701528,0.0452729194795879,0.0727469013896584,1
0.122789224221872,0.0103221960377043,0.192291986257514,1
0.103330785724801,0.029940847068646,0.100955851743004,1
0.527454921506315,0.0660780158827933,0.212424034887654,1
0.300443909601825,0.105014891323264,0.0742828687949407,1
0.302106582883846,0.0588593124402282,0.123585590440115,1
0.28107070354962,0.0533559244879173,0.0816581115410319,1
1.51309954782304,0.157333351111524,0.324551004759909,0
0.302202720684198,0.0872199708999673,0.0842268341713086,1
0.21650669165756,0.0746756605634851,0.0764026137116283,1
0.622882571776115,0.112376986330256,0.13560080929447,1
0.0518125632604861,0.00793276198501672,0.196131016761712,1
0.046415357675421,0.00589008080345888,0.224020201989271,1
0.265473736969194,0.0310281374522332,0.183355946565168,1
0.852211094074964,0.100417745539833,0.275604703292188,1
0.0567457216491126,0.00554478134449997,0.274389066248741,1
0.12527871652544,0.0130267357457157,0.203315747379802,1
0.470574084440101,0.0724289930476052,0.163321360967561,1
0.180855220581515,0.0394229261981386,0.121392209115766,1
0.299142833614914,0.0540934089260691,0.129782407455399,1
0.143447653989627,0.0455114573960729,0.0894490905643947,1
0.758744466922077,0.150366965167509,0.143121971248583,1
0.157108167029563,0.034226027207762,0.124669093194455,1
0.176995817064719,0.057698635960145,0.0824862874900474,1
0.260622243996098,0.0967648762750237,0.0643887974261173,1
0.473886046637981,0.104687819741196,0.106145875180389,1
0.160759247239944,0.0226965843664887,0.0779541850968487,1
0.141876839415164,0.0437074099754274,0.0921316491495382,1
0.0364168029269436,0.00440826561560147,0.257270843625811,1
0.200220568337012,0.0589483718351046,0.08918104894563,1
0.47937050527083,0.0960722073072383,0.126774920057676,1
0.864215513229221,0.151554440995944,0.170704215383045,1
0.241914688806883,0.0828374223824447,0.0782524999585242,1
0.0480065851470619,0.00703339821222302,0.217246770153715,1
0.108804837439566,0.0194018115064455,0.150946186120677,1
0.524668320681679,0.0724823589711051,0.193718795082872,1
0.388227166591757,0.0602458929776813,0.170884586016752,1
0.140116131502913,0.0467817331398352,0.0835062537893768,1
0.314601053169177,0.0686602694308628,0.0754110296674306,1
0.0551292675904679,0.0090563241583569,0.185686991016758,1
0.0578514578409279,0.00823587424267519,0.198748500608505,1
0.101767421098772,0.0177656020060864,0.151297548829402,1
0.41860968428741,0.114353465305514,0.0718942436310857,1
0.321617820915591,0.0451460931399684,0.186121109210586,1
0.220765587618132,0.0450300260241592,0.114739262945836,1
0.116001520881755,0.0265469783235806,0.12305213941121,1
0.273508116467893,0.0941995007980747,0.0734484607600117,1
0.127628151100798,0.0180552592057967,0.169738871963411,1
0.0683337122435339,0.0149763213473259,0.141333110795696,1
0.0609870644059052,0.0100291896546685,0.191120729206076,1
0.665192109530965,0.0920557256726287,0.207319653072102,1
0.0466116886776305,0.00480421837745819,0.280857787984816,1
0.0496221673475382,0.00767816646901432,0.197246108030218,1
0.0807134718741493,0.00551441653301014,0.183745076018829,1
0.115977668155949,0.0185979949654391,0.162167419552725,1
0.914156544029383,0.14160755320012,0.196307171690291,0
0.113152222412333,0.0151099360701355,0.184969682464142,1
0.981962844353827,0.153295774432156,0.177028564913925,1
0.126465156296009,0.023801329245956,0.135082505638847,1
0.137010458544307,0.0288563315392325,0.122154184981112,1
0.78475607649318,0.106666186227144,0.216539556120607,1
0.169216385460713,0.0506185617054028,0.0917910760008185,1
0.34344419007811,0.0691521400498233,0.120555421465519,1
0.314867720148556,0.060464405236816,0.0797475616246145,1
0.348995557167378,0.0611765972690868,0.144952730603655,1
0.122971547019441,0.016957587437002,0.18509955821955,1
0.167095063290563,0.0318057212594367,0.098855166737972,1
0.211929569023258,0.0277967556462487,0.188700092947652,1
0.191851086279535,0.0678925437331421,0.0746240612220113,1
0.247484465241622,0.0791680802024953,0.0760716879840969,1
0.423758990418464,0.0604634243396371,0.171470783434784,1
0.0985417473340318,0.013599887968803,0.186178493503491,1
0.0820733910367973,0.0124690814769193,0.180247679688995,1
0.483356833898093,0.0758367691079204,0.146435185499628,1
0.183442804059135,0.0325545411648798,0.133063678311265,1
0.780677969647206,0.131905823840751,0.17485378527278,1
0.11154748223027,0.0184848717105753,0.150225375272387,1
0.531436616150521,0.119120988221374,0.110897448786474,1
0.64282289366251,0.101921613808689,0.1720860964838,1
0.347135552097286,0.0998854638319981,0.0845785728991023,1
0.288098832482554,0.0996083289201625,0.0669024663258033,1
0.178881854107998,0.0231008300483531,0.185222617470087,1
0.331577444878376,0.0996242215389442,0.0604282718906744,1
0.134663457332154,0.0248670094733004,0.121172870976169,1
0.303028888559828,0.0550420110703087,0.110576841857603,1
0.479082967718393,0.0863506488074349,0.144834747409816,1
0.0983830509629255,0.0232193892994024,0.125604943091628,1
0.384639009804336,0.0623722204936983,0.134835235380038,1
0.419353229728586,0.0669130213268766,0.15008405680468,1
0.063860804311736,0.0119564184874413,0.167611097336589,1
0.215303260306803,0.0521457210170712,0.0902334539099118,1
0.192793777591218,0.0831965635364011,0.0661828904861467,1
0.167228305629736,0.0284312907163697,0.0758919488586631,1
0.20906850727413,0.0283072091403973,0.183424932148353,1
0.140620828627379,0.0325007630328584,0.115421447151335,1
0.16220343137457,0.0167334067351587,0.214828806009267,1
0.574274617440422,0.106075473164093,0.139689113759901,1
0.0707188497996481,0.0126899633727452,0.133383521928473,1
0.183011557811048,0.0202547004703421,0.177096103374072,1
0.295458082384194,0.102843370409927,0.0725919611652683,1
0.224806160806802,0.0335644534788162,0.169956946969609,1
0.13114240126471,0.0209992559571464,0.156968133528746,1
0.287129937329736,0.056168017749128,0.0735160635166002,1
0.0928818511708419,0.0159808167867084,0.154169151458878,1
0.0496754027855151,0.00690536245469462,0.219897197975433,1
0.240660180532795,0.0624899195597897,0.0636939792821963,1
0.291208672727589,0.0346719470691449,0.209261428001436,1
0.209293622334788,0.0404830966956158,0.108310776061971,1
0.469132853437632,0.0810786664205096,0.156688716186639,1
0.215151540800647,0.0272188895091069,0.197790133104609,1
0.510865847419912,0.0747457129021464,0.165303980513849,1
0.163378409202902,0.0270759618763733,0.109383984818446,1
0.0726582044785819,0.0135834927228723,0.169617332484306,1
0.0803151981585278,0.0135916157609046,0.17490680046458,1
0.0632975052061162,0.0093768439018521,0.181560509801751,1
0.337758228771056,0.0500214102307522,0.16760722048507,1
0.179525616624556,0.0248683134337948,0.170685013570331,1
0.112237886690261,0.0254462565201002,0.129902412153074,1
0.180772015333868,0.0379334164633517,0.111854126771685,1
0.26786326557001,0.0396857771465145,0.128705903196033,1
0.495190555419781,0.0592782610808037,0.209104658641551,1
0.534808660165537,0.0839889209092388,0.16249167911109,1
0.0569534442413778,0.00740723690349914,0.20510281428557,1
0.507681617147657,0.108566381444066,0.0907446946730107,1
0.200291169408068,0.0469707663904508,0.108419832379723,1
0.157946223383855,0.0415652289094912,0.09724038594481,1
0.413290022503373,0.0645350493062799,0.13038345270159,1
0.327042582491861,0.0539937354100147,0.134125491128838,1
0.652777289540993,0.0841384090108736,0.212671904523313,1
0.142153638115086,0.0168953115366408,0.202194515756109,1
0.126796767587511,0.0320304015934937,0.111466618866405,1
0.0884799571922352,0.0129673535366263,0.188120503437957,1
0.420968541121643,0.111520194581145,0.092000709620461,1
0.109582741889184,0.0173591032912911,0.151592682079345,1
0.21906081240916,0.0417191948560471,0.124790157475989,1
0.287526743905569,0.0532230479634507,0.106971247413144,1
0.0489045005123025,0.00556267936060737,0.249915370000916,1
0.388665057841257,0.0744451283383025,0.138094768911496,1
0.0900221126101232,0.0149371826431584,0.156581720449987,1
0.29758486610286,0.0592857727027705,0.119825668120365,1
0.174353645915848,0.0577736068220361,0.0832002156058237,1
0.0590894241378033,0.0106770991860758,0.173371993395049,1
0.123801475048985,0.0337959673008996,0.105295837383808,1
0.0653092377513906,0.0116596578843863,0.168009265723078,1
0.823816120339156,0.143041436739067,0.178429559775474,1
0.317782576520419,0.0756521367915185,0.111334547325495,1
0.368688484428704,0.0905775558892049,0.0744829303196565,1
0.399544509133931,0.0815789580508152,0.122519207392801,1
0.678740963103229,0.0968365908748218,0.198379293430659,1
1.07961017619886,0.174668337783151,0.208612609776222,1
0.170011989445273,0.0368338309820779,0.123391420954028,1
0.474707397223913,0.0940714908163561,0.125902281380851,1
0.433356715660577,0.0644642178390784,0.131996271556419,1
0.353899678461898,0.0479508864944195,0.154319176962683,1
0.248012724130186,0.0484227921560046,0.115593019268692,1
1.5363476429892,0.218933465370536,0.286344215959893,0
0.0922108709816456,0.0181140983842895,0.139328207968316,1
0.684871154616224,0.0939751377495223,0.219688772711879,0
0.447690704440677,0.167482351632371,0.063374681840994,1
0.0555442204729175,0.00606558615991672,0.24617747438934,1
0.515091519343447,0.0617660302258437,0.182593035382784,1
0.363683775209213,0.072669307977803,0.108440832120663,1
0.575270349149189,0.110754812462593,0.141191710963503,1
0.757198278919061,0.133510609823453,0.147564269535856,1
0.0698226768382716,0.011043331797044,0.177033281566682,1
0.584189055229485,0.0804799896395892,0.204826815525681,1
0.559889930704798,0.0721698058625783,0.184005943596313,1
0.0474074019100595,0.00578294488727411,0.241426784298072,1
0.542877568614423,0.0632484051688128,0.234642239602717,1
0.109551623434338,0.027181626840299,0.115407161832591,1
0.0657075510417114,0.00848381772638017,0.219506991226774,1
0.506347618099268,0.102950477551579,0.129650800502496,1
0.151200175699385,0.0376340887041282,0.107696950146898,1
0.471279501615719,0.0816761552571747,0.148520015646557,1
0.170184635101661,0.0505476043707124,0.063843560163742,1
1.16604307816837,0.147975835512697,0.260261716519441,0
0.73866869540116,0.140752500785713,0.136303115647397,1
0.13106331127106,0.0303701477544565,0.11804133645401,1
0.150130643668566,0.0497234239447528,0.0880572831513634,1
0.153485636387917,0.0320202021791471,0.0821206134518744,1
0.0709576097725212,0.0118293086348061,0.158875840790145,1
0.557210276334812,0.0678493907184772,0.228782328081678,1
0.115005773759837,0.017714705455584,0.158308382113124,1
0.669077485394325,0.109616617414649,0.17663351422954,1
1.46749557137932,0.166159127275544,0.283046732296699,1
0.414759346222823,0.0437974383012772,0.272851982033059,1
0.227943707051793,0.0428781046909134,0.128314326459051,1
0.359141773460465,0.120101654650209,0.0716152137318899,1
0.364592302061069,0.0535345327366451,0.0938909164038261,1
0.0612447129493441,0.0105177765951997,0.177379119600601,1
0.249840190016159,0.0391940954351599,0.139613283084119,1
0.0945722127120425,0.0181606437941412,0.135524980752764,1
0.288498060976098,0.0989269758145399,0.0711022458061893,1
0.0411879833329,0.00435068577762242,0.257959447345176,1
0.371111820101415,0.0423123623019657,0.143825255142496,1
0.137279615833973,0.0200632609232612,0.12744287146319,1
0.0918569860026343,0.0113368195251006,0.189442496021287,1
0.0435006451780686,0.00455833488914075,0.284302909142668,1
0.0900777773563123,0.0200769321026062,0.130475940674388,1
0.3387761596906,0.121436515333313,0.0673812035164892,1
0.0803336838238025,0.0153309923522552,0.143927048705747,1
0.135673817803797,0.0274851863283478,0.0996676102413642,1
0.7551593272991,0.145841848039089,0.137578529417504,1
0.187145429311695,0.0251776229678184,0.148544137597256,1
0.0407478853897257,0.00489026708561589,0.24168182506376,1
0.302043181937002,0.063463968427042,0.0955092554169246,1
0.163941264117834,0.0505350676794859,0.0916496008772126,1
0.1418134049179,0.0235756833583153,0.149365452256619,1
0.721744579796588,0.102688579591715,0.153155663892273,1
0.304586424996377,0.0425203813397728,0.17787963730441,1
0.067369305981161,0.0105853897744743,0.184764809511716,1
0.359442281479651,0.0304876199922071,0.185922824192069,1
0.0555557289975128,0.00677959024044314,0.23236106005196,1
0.669157568774207,0.0809184427061555,0.163142376144208,1
0.461709582505331,0.0907329644306963,0.129157413191306,1
0.6614046883097,0.0795968747519885,0.208516107495864,1
1.21372539143449,0.161147002403194,0.220536987687517,1
0.114901273169098,0.0199054617528086,0.126278916438364,1
0.198406557473992,0.0470223361797665,0.0820318528002361,1
0.996472275097189,0.136921575419524,0.232030445550685,1
0.0552202898942683,0.00640389462707394,0.235658805955687,1
1.25179440347716,0.17392381946273,0.222362196691748,1
0.0807374541254538,0.020444682385949,0.118127051214592,1
0.614759915473885,0.0865951405782285,0.196053134312406,1
0.253732277285539,0.0713557322695645,0.0891843175346603,1
0.0431797919948928,0.00547096606190773,0.238098728700824,1
0.166247696180312,0.0530652294679012,0.0844897625815416,1
0.149274359308985,0.0127959268420823,0.153074283630086,1
0.475491591437541,0.0693724463136657,0.140615113734728,1
0.0561505769612169,0.00836815303269159,0.207359674019892,1
0.188328811379736,0.0314697592977195,0.0732237923368455,1
0.372220272180559,0.0800092807408434,0.0892123322322573,1
0.506340087028108,0.0829241856142486,0.168747046628919,1
0.0953310427278446,0.0162088194355455,0.157190302898442,1
0.14223637503603,0.0410555799718306,0.0810773347482315,1
0.373508171778799,0.0820640284026912,0.0916899533058907,1
0.193503400268248,0.0528425444573515,0.0921023427151439,1
0.0911315647431937,0.012936316756985,0.185183870666822,1
0.0720043460901063,0.0115779618859764,0.168253133141609,1
0.512528463421634,0.0579049170992325,0.183678554047182,1
0.229974717250788,0.0983799052970241,0.0598764600599227,1
0.11800577172541,0.0302026681457563,0.104666491674227,1
0.0960739562538416,0.0203546781749558,0.127378764656001,1
0.0605286266340694,0.0088506553390682,0.196590513222475,1
0.100481041951722,0.0189616808906472,0.145634303889296,1
1.39629898248231,0.181643813135985,0.282337499632161,1
0.0908874131063935,0.00868474484584534,0.192938860517246,1
0.06303609334984,0.00835236901405668,0.214678221370876,1
0.417926877674706,0.10975961773584,0.0845198636595757,1
0.0455485152904198,0.00584305547639598,0.239249567883465,1
0.443520020947293,0.0809730815226344,0.138281348158223,1
0.0885930870120111,0.012728280842468,0.181081526673068,1
0.139311668324091,0.0218287371680668,0.169366385043117,1
0.188504385079026,0.0562592479462683,0.0904179523708864,1
0.304614069840032,0.0255864131045743,0.165610428789894,1
0.226393630418437,0.0621125183408389,0.0894630910869143,1
0.16615102640393,0.0246942253064154,0.168798920125228,1
0.129747584418698,0.0197741704320013,0.0835645300163347,1
0.111367863455874,0.0189543295370418,0.142769704814938,1
0.220897526132125,0.0594571695615435,0.0956142918786527,1
0.0794273602287663,0.0102631400041787,0.190597557061081,1
0.561046320444439,0.089740172548491,0.171570322655692,1
0.1764065794378,0.027412591383644,0.152600063508493,1
0.196962985321458,0.0555917310958143,0.0654208028636865,1
0.0835118611032133,0.00746669306345433,0.255973800828303,1
0.144711222073144,0.0375703904694001,0.0927686455961148,1
0.283780948593422,0.125021354916238,0.0611494252194615,1
0.293383209987823,0.0401223324679404,0.186102327828522,1
0.276028058697675,0.0988025085459065,0.0706166684308676,1
0.119933894530169,0.0222830514242923,0.140002584461258,1
0.464418824596008,0.137661270791137,0.0842751749818775,1
1.0663061904454,0.163604444062153,0.210135300637725,1
0.111259264205826,0.0227752875351391,0.143713218494759,1
0.401923608965941,0.0754696922650088,0.129881739655017,1
0.193018515333894,0.0304616662226022,0.142987361364942,1
0.810597663015525,0.109822811428599,0.214420700161154,1
0.0943112260112002,0.021070308993091,0.12826785214301,1
1.11386272246109,0.161225531044508,0.204106210896926,1
0.310855975650526,0.0614740465040181,0.0738251847967963,1
0.289779149025955,0.039305483712326,0.137650445732168,1
0.640690086097729,0.0968027788145335,0.164895901562036,1
0.0407574853290881,0.00428084252351935,0.268749786275727,1
0.0979521789590826,0.0239402454324021,0.118703923018729,1
0.403815419705563,0.074186050546427,0.134546636290215,1
0.653111336123916,0.0865728550472274,0.176629547287076,1
0.109263501351629,0.0181712548105234,0.0955956881426485,1
0.164440298852751,0.0319504283042505,0.126129112553012,1
0.136727169689198,0.028145475924133,0.126175749663229,1
0.602465438588538,0.110175547001141,0.138305088057675,1
1.04500715359891,0.104332657071202,0.231604657737744,1
0.2916251399998,0.0735772656706404,0.0987747836381483,1
0.0861638423904808,0.0171488460172263,0.142967110895322,1
0.473517972680113,0.116381176190725,0.10523741868177,1
0.315058491096499,0.0568825921756375,0.136130285988472,1
0.0512410056516336,0.00782445146812288,0.198304023957375,1
0.0810638923673656,0.0139419384711862,0.151675542610797,1
0.123475878762271,0.0286254582563312,0.109688546297215,1
